q = 4
k = 16
